13 451.258392 579.915283 0.8472
8 761.047485 549.221069 0.8227
7 669.982178 1097.371826 0.8076
5 738.456421 935.418213 0.783
12 521.20874 772.020935 0.778
4 726.837463 925.243469 0.7338
2 683.939209 1088.031494 0.7238
6 794.52832 970.902832 0.6866
0 745.911072 784.133789 0.6818
9 683.183594 670.283203 0.6521
10 691.077881 1070.074951 0.6501
1 359.085449 724.673157 0.6326
16 729.666626 828.027344 0.6249
18 807.827209 891.261108 0.579
11 316.30484 682.372253 0.5053
15 790.274353 820.973022 0.4613
14 751.718567 1098.499756 0.4579
